3749
sum:33741 3749,0,0
3750
sum:33741 3747,3,0
3751
sum:33741 3745,6,0
3752
sum:33741 3743,9,0
3753
sum:33741 3741,12,0
3754
sum:33741 3739,15,0
3755
sum:33741 3737,18,0
3756
sum:33741 3735,21,0
3757
sum:33741 3733,24,0
3758
sum:33741 3731,27,0
3759
sum:33741 3729,30,0
3760
sum:33741 3727,33,0
3761
sum:33741 3725,36,0
3762
sum:33741 3723,39,0
3763
sum:33741 3721,42,0
3764
sum:33741 3719,45,0
3765
sum:33741 3717,48,0
3766
sum:33741 3715,51,0
3767
sum:33741 3713,54,0
3768
sum:33741 3711,57,0
3769
sum:33741 3709,60,0
3770
sum:33741 3707,63,0
3771
sum:33741 3705,66,0
3772
sum:33741 3703,69,0
3773
sum:33741 3701,72,0
3774
sum:33741 3699,75,0
3775
sum:33741 3697,78,0
3776
sum:33741 3695,81,0
3777
sum:33741 3693,84,0
3778
sum:33741 3691,87,0
3779
sum:33741 3689,90,0
3780
sum:33741 3687,93,0
3781
sum:33741 3685,96,0
3782
sum:33741 3683,99,0
3783
sum:33741 3681,102,0
3784
sum:33741 3679,105,0
3785
sum:33741 3677,108,0
3786
sum:33741 3675,111,0
3787
sum:33741 3673,114,0
3788
sum:33741 3671,117,0
3789
sum:33741 3669,120,0
3790
sum:33741 3667,123,0
3791
sum:33741 3665,126,0
3792
sum:33741 3663,129,0
3793
sum:33741 3661,132,0
3794
sum:33741 3659,135,0
3795
sum:33741 3657,138,0
3796
sum:33741 3655,141,0
3797
sum:33741 3653,144,0
3798
sum:33741 3651,147,0
3799
sum:33741 3649,150,0
3800
sum:33741 3647,153,0
3801
sum:33741 3645,156,0
3802
sum:33741 3643,159,0
3803
sum:33741 3641,162,0
3804
sum:33741 3639,165,0
3805
sum:33741 3637,168,0
3806
sum:33741 3635,171,0
3807
sum:33741 3633,174,0
3808
sum:33741 3631,177,0
3809
sum:33741 3629,180,0
3810
sum:33741 3627,183,0
3811
sum:33741 3625,186,0
3812
sum:33741 3623,189,0
3813
sum:33741 3621,192,0
3814
sum:33741 3619,195,0
3815
sum:33741 3617,198,0
3816
sum:33741 3615,201,0
3817
sum:33741 3613,204,0
3818
sum:33741 3611,207,0
3819
sum:33741 3609,210,0
3820
sum:33741 3607,213,0
3821
sum:33741 3605,216,0
3822
sum:33741 3603,219,0
3823
sum:33741 3601,222,0
3824
sum:33741 3599,225,0
3825
sum:33741 3597,228,0
3826
sum:33741 3595,231,0
3827
sum:33741 3593,234,0
3828
sum:33741 3591,237,0
3829
sum:33741 3589,240,0
3830
sum:33741 3587,243,0
3831
sum:33741 3585,246,0
3832
sum:33741 3583,249,0
3833
sum:33741 3581,252,0
3834
sum:33741 3579,255,0
3835
sum:33741 3577,258,0
3836
sum:33741 3575,261,0
3837
sum:33741 3573,264,0
3838
sum:33741 3571,267,0
3839
sum:33741 3569,270,0
3840
sum:33741 3567,273,0
3841
sum:33741 3565,276,0
3842
sum:33741 3563,279,0
3843
sum:33741 3561,282,0
3844
sum:33741 3559,285,0
3845
sum:33741 3557,288,0
3846
sum:33741 3555,291,0
3847
sum:33741 3553,294,0
3848
sum:33741 3551,297,0
3849
sum:33741 3549,300,0
3850
sum:33741 3547,303,0
3851
sum:33741 3545,306,0
3852
sum:33741 3543,309,0
3853
sum:33741 3541,312,0
3854
sum:33741 3539,315,0
3855
sum:33741 3537,318,0
3856
sum:33741 3535,321,0
3857
sum:33741 3533,324,0
3858
sum:33741 3531,327,0
3859
sum:33741 3529,330,0
3860
sum:33741 3527,333,0
3861
sum:33741 3525,336,0
3862
sum:33741 3523,339,0
3863
sum:33741 3521,342,0
3864
sum:33741 3519,345,0
3865
sum:33741 3517,348,0
3866
sum:33741 3515,351,0
3867
sum:33741 3513,354,0
3868
sum:33741 3511,357,0
3869
sum:33741 3509,360,0
3870
sum:33741 3507,363,0
3871
sum:33741 3505,366,0
3872
sum:33741 3503,369,0
3873
sum:33741 3501,372,0
3874
sum:33741 3499,375,0
3875
sum:33741 3497,378,0
3876
sum:33741 3495,381,0
3877
sum:33741 3493,384,0
3878
sum:33741 3491,387,0
3879
sum:33741 3489,390,0
3880
sum:33741 3487,393,0
3881
sum:33741 3485,396,0
3882
sum:33741 3483,399,0
3883
sum:33741 3481,402,0
3884
sum:33741 3479,405,0
3885
sum:33741 3477,408,0
3886
sum:33741 3475,411,0
3887
sum:33741 3473,414,0
3888
sum:33741 3471,417,0
3889
sum:33741 3469,420,0
3890
sum:33741 3467,423,0
3891
sum:33741 3465,426,0
3892
sum:33741 3463,429,0
3893
sum:33741 3461,432,0
3894
sum:33741 3459,435,0
3895
sum:33741 3457,438,0
3896
sum:33741 3455,441,0
3897
sum:33741 3453,444,0
3898
sum:33741 3451,447,0
3899
sum:33741 3449,450,0
3900
sum:33741 3447,453,0
3901
sum:33741 3445,456,0
3902
sum:33741 3443,459,0
3903
sum:33741 3441,462,0
3904
sum:33741 3439,465,0
3905
sum:33741 3437,468,0
3906
sum:33741 3435,471,0
3907
sum:33741 3433,474,0
3908
sum:33741 3431,477,0
3909
sum:33741 3429,480,0
3910
sum:33741 3427,483,0
3911
sum:33741 3425,486,0
3912
sum:33741 3423,489,0
3913
sum:33741 3421,492,0
3914
sum:33741 3419,495,0
3915
sum:33741 3417,498,0
3916
sum:33741 3415,501,0
3917
sum:33741 3413,504,0
3918
sum:33741 3411,507,0
3919
sum:33741 3409,510,0
3920
sum:33741 3407,513,0
3921
sum:33741 3405,516,0
3922
sum:33741 3403,519,0
3923
sum:33741 3401,522,0
3924
sum:33741 3399,525,0
3925
sum:33741 3397,528,0
3926
sum:33741 3395,531,0
3927
sum:33741 3393,534,0
3928
sum:33741 3391,537,0
3929
sum:33741 3389,540,0
3930
sum:33741 3387,543,0
3931
sum:33741 3385,546,0
3932
sum:33741 3383,549,0
3933
sum:33741 3381,552,0
3934
sum:33741 3379,555,0
3935
sum:33741 3377,558,0
3936
sum:33741 3375,561,0
3937
sum:33741 3373,564,0
3938
sum:33741 3371,567,0
3939
sum:33741 3369,570,0
3940
sum:33741 3367,573,0
3941
sum:33741 3365,576,0
3942
sum:33741 3363,579,0
3943
sum:33741 3361,582,0
3944
sum:33741 3359,585,0
3945
sum:33741 3357,588,0
3946
sum:33741 3355,591,0
3947
sum:33741 3353,594,0
3948
sum:33741 3351,597,0
3949
sum:33741 3349,600,0
3950
sum:33741 3347,603,0
3951
sum:33741 3345,606,0
3952
sum:33741 3343,609,0
3953
sum:33741 3341,612,0
3954
sum:33741 3339,615,0
3955
sum:33741 3337,618,0
3956
sum:33741 3335,621,0
3957
sum:33741 3333,624,0
3958
sum:33741 3331,627,0
3959
sum:33741 3329,630,0
3960
sum:33741 3327,633,0
3961
sum:33741 3325,636,0
3962
sum:33741 3323,639,0
3963
sum:33741 3321,642,0
3964
sum:33741 3319,645,0
3965
sum:33741 3317,648,0
3966
sum:33741 3315,651,0
3967
sum:33741 3313,654,0
3968
sum:33741 3311,657,0
3969
sum:33741 3309,660,0
3970
sum:33741 3307,663,0
3971
sum:33741 3305,666,0
3972
sum:33741 3303,669,0
3973
sum:33741 3301,672,0
3974
sum:33741 3299,675,0
3975
sum:33741 3297,678,0
3976
sum:33741 3295,681,0
3977
sum:33741 3293,684,0
3978
sum:33741 3291,687,0
3979
sum:33741 3289,690,0
3980
sum:33741 3287,693,0
3981
sum:33741 3285,696,0
3982
sum:33741 3283,699,0
3983
sum:33741 3281,702,0
3984
sum:33741 3279,705,0
3985
sum:33741 3277,708,0
3986
sum:33741 3275,711,0
3987
sum:33741 3273,714,0
3988
sum:33741 3271,717,0
3989
sum:33741 3269,720,0
3990
sum:33741 3267,723,0
3991
sum:33741 3265,726,0
3992
sum:33741 3263,729,0
3993
sum:33741 3261,732,0
3751
sum:33741 3747,1,3
3752
sum:33741 3745,4,3
3753
sum:33741 3743,7,3
3754
sum:33741 3741,10,3
3755
sum:33741 3739,13,3
3756
sum:33741 3737,16,3
3757
sum:33741 3735,19,3
3758
sum:33741 3733,22,3
3759
sum:33741 3731,25,3
3760
sum:33741 3729,28,3
3761
sum:33741 3727,31,3
3762
sum:33741 3725,34,3
3763
sum:33741 3723,37,3
3764
sum:33741 3721,40,3
3765
sum:33741 3719,43,3
3766
sum:33741 3717,46,3
3767
sum:33741 3715,49,3
3768
sum:33741 3713,52,3
3769
sum:33741 3711,55,3
3770
sum:33741 3709,58,3
3771
sum:33741 3707,61,3
3772
sum:33741 3705,64,3
3773
sum:33741 3703,67,3
3774
sum:33741 3701,70,3
3775
sum:33741 3699,73,3
3776
sum:33741 3697,76,3
3777
sum:33741 3695,79,3
3778
sum:33741 3693,82,3
3779
sum:33741 3691,85,3
3780
sum:33741 3689,88,3
3781
sum:33741 3687,91,3
3782
sum:33741 3685,94,3
3783
sum:33741 3683,97,3
3784
sum:33741 3681,100,3
3785
sum:33741 3679,103,3
3786
sum:33741 3677,106,3
3787
sum:33741 3675,109,3
3788
sum:33741 3673,112,3
3789
sum:33741 3671,115,3
3790
sum:33741 3669,118,3
3791
sum:33741 3667,121,3
3792
sum:33741 3665,124,3
3793
sum:33741 3663,127,3
3794
sum:33741 3661,130,3
3795
sum:33741 3659,133,3
3796
sum:33741 3657,136,3
3797
sum:33741 3655,139,3
3798
sum:33741 3653,142,3
3799
sum:33741 3651,145,3
3800
sum:33741 3649,148,3
3801
sum:33741 3647,151,3
3802
sum:33741 3645,154,3
3803
sum:33741 3643,157,3
3804
sum:33741 3641,160,3
3805
sum:33741 3639,163,3
3806
sum:33741 3637,166,3
3807
sum:33741 3635,169,3
3808
sum:33741 3633,172,3
3809
sum:33741 3631,175,3
3810
sum:33741 3629,178,3
3811
sum:33741 3627,181,3
3812
sum:33741 3625,184,3
3813
sum:33741 3623,187,3
3814
sum:33741 3621,190,3
3815
sum:33741 3619,193,3
3816
sum:33741 3617,196,3
3817
sum:33741 3615,199,3
3818
sum:33741 3613,202,3
3819
sum:33741 3611,205,3
3820
sum:33741 3609,208,3
3821
sum:33741 3607,211,3
3822
sum:33741 3605,214,3
3823
sum:33741 3603,217,3
3824
sum:33741 3601,220,3
3825
sum:33741 3599,223,3
3826
sum:33741 3597,226,3
3827
sum:33741 3595,229,3
3828
sum:33741 3593,232,3
3829
sum:33741 3591,235,3
3830
sum:33741 3589,238,3
3831
sum:33741 3587,241,3
3832
sum:33741 3585,244,3
3833
sum:33741 3583,247,3
3834
sum:33741 3581,250,3
3835
sum:33741 3579,253,3
3836
sum:33741 3577,256,3
3837
sum:33741 3575,259,3
3838
sum:33741 3573,262,3
3839
sum:33741 3571,265,3
3840
sum:33741 3569,268,3
3841
sum:33741 3567,271,3
3842
sum:33741 3565,274,3
3843
sum:33741 3563,277,3
3844
sum:33741 3561,280,3
3845
sum:33741 3559,283,3
3846
sum:33741 3557,286,3
3847
sum:33741 3555,289,3
3848
sum:33741 3553,292,3
3849
sum:33741 3551,295,3
3850
sum:33741 3549,298,3
3851
sum:33741 3547,301,3
3852
sum:33741 3545,304,3
3853
sum:33741 3543,307,3
3854
sum:33741 3541,310,3
3855
sum:33741 3539,313,3
3856
sum:33741 3537,316,3
3857
sum:33741 3535,319,3
3858
sum:33741 3533,322,3
3859
sum:33741 3531,325,3
3860
sum:33741 3529,328,3
3861
sum:33741 3527,331,3
3862
sum:33741 3525,334,3
3863
sum:33741 3523,337,3
3864
sum:33741 3521,340,3
3865
sum:33741 3519,343,3
3866
sum:33741 3517,346,3
3867
sum:33741 3515,349,3
3868
sum:33741 3513,352,3
3869
sum:33741 3511,355,3
3870
sum:33741 3509,358,3
3871
sum:33741 3507,361,3
3872
sum:33741 3505,364,3
3873
sum:33741 3503,367,3
3874
sum:33741 3501,370,3
3875
sum:33741 3499,373,3
3876
sum:33741 3497,376,3
3877
sum:33741 3495,379,3
3878
sum:33741 3493,382,3
3879
sum:33741 3491,385,3
3880
sum:33741 3489,388,3
3881
sum:33741 3487,391,3
3882
sum:33741 3485,394,3
3883
sum:33741 3483,397,3
3884
sum:33741 3481,400,3
3885
sum:33741 3479,403,3
3886
sum:33741 3477,406,3
3887
sum:33741 3475,409,3
3888
sum:33741 3473,412,3
3889
sum:33741 3471,415,3
3890
sum:33741 3469,418,3
3891
sum:33741 3467,421,3
3892
sum:33741 3465,424,3
3893
sum:33741 3463,427,3
3894
sum:33741 3461,430,3
3895
sum:33741 3459,433,3
3896
sum:33741 3457,436,3
3897
sum:33741 3455,439,3
3898
sum:33741 3453,442,3
3899
sum:33741 3451,445,3
3900
sum:33741 3449,448,3
3901
sum:33741 3447,451,3
3902
sum:33741 3445,454,3
3903
sum:33741 3443,457,3
3904
sum:33741 3441,460,3
3905
sum:33741 3439,463,3
3906
sum:33741 3437,466,3
3907
sum:33741 3435,469,3
3908
sum:33741 3433,472,3
3909
sum:33741 3431,475,3
3910
sum:33741 3429,478,3
3911
sum:33741 3427,481,3
3912
sum:33741 3425,484,3
3913
sum:33741 3423,487,3
3914
sum:33741 3421,490,3
3915
sum:33741 3419,493,3
3916
sum:33741 3417,496,3
3917
sum:33741 3415,499,3
3918
sum:33741 3413,502,3
3919
sum:33741 3411,505,3
3920
sum:33741 3409,508,3
3921
sum:33741 3407,511,3
3922
sum:33741 3405,514,3
3923
sum:33741 3403,517,3
3924
sum:33741 3401,520,3
3925
sum:33741 3399,523,3
3926
sum:33741 3397,526,3
3927
sum:33741 3395,529,3
3928
sum:33741 3393,532,3
3929
sum:33741 3391,535,3
3930
sum:33741 3389,538,3
3931
sum:33741 3387,541,3
3932
sum:33741 3385,544,3
3933
sum:33741 3383,547,3
3934
sum:33741 3381,550,3
3935
sum:33741 3379,553,3
3936
sum:33741 3377,556,3
3937
sum:33741 3375,559,3
3938
sum:33741 3373,562,3
3939
sum:33741 3371,565,3
3940
sum:33741 3369,568,3
3941
sum:33741 3367,571,3
3942
sum:33741 3365,574,3
3943
sum:33741 3363,577,3
3944
sum:33741 3361,580,3
3945
sum:33741 3359,583,3
3946
sum:33741 3357,586,3
3947
sum:33741 3355,589,3
3948
sum:33741 3353,592,3
3949
sum:33741 3351,595,3
3950
sum:33741 3349,598,3
3951
sum:33741 3347,601,3
3952
sum:33741 3345,604,3
3953
sum:33741 3343,607,3
3954
sum:33741 3341,610,3
3955
sum:33741 3339,613,3
3956
sum:33741 3337,616,3
3957
sum:33741 3335,619,3
3958
sum:33741 3333,622,3
3959
sum:33741 3331,625,3
3960
sum:33741 3329,628,3
3961
sum:33741 3327,631,3
3962
sum:33741 3325,634,3
3963
sum:33741 3323,637,3
3964
sum:33741 3321,640,3
3965
sum:33741 3319,643,3
3966
sum:33741 3317,646,3
3967
sum:33741 3315,649,3
3968
sum:33741 3313,652,3
3969
sum:33741 3311,655,3
3970
sum:33741 3309,658,3
3971
sum:33741 3307,661,3
3972
sum:33741 3305,664,3
3973
sum:33741 3303,667,3
3974
sum:33741 3301,670,3
3975
sum:33741 3299,673,3
3976
sum:33741 3297,676,3
3977
sum:33741 3295,679,3
3978
sum:33741 3293,682,3
3979
sum:33741 3291,685,3
3980
sum:33741 3289,688,3
3981
sum:33741 3287,691,3
3982
sum:33741 3285,694,3
3983
sum:33741 3283,697,3
3984
sum:33741 3281,700,3
3985
sum:33741 3279,703,3
3986
sum:33741 3277,706,3
3987
sum:33741 3275,709,3
3988
sum:33741 3273,712,3
3989
sum:33741 3271,715,3
3990
sum:33741 3269,718,3
3991
sum:33741 3267,721,3
3992
sum:33741 3265,724,3
3993
sum:33741 3263,727,3
3994
sum:33741 3261,730,3
